chr4_gl000193_random	0	189789	0
chr6_dbb_hap3	0	4610396	0
chrUn_gl000217	0	172149	0
chrUn_gl000227	0	128374	0
chr15	0	102531392	0
chrUn_gl000220	0	161802	0
chrUn_gl000245	0	36651	0
chrUn_gl000236	0	41934	0
chrUn_gl000247	0	36422	0
chr17	0	81195210	46790
chr9_gl000200_random	0	187035	0
chrUn_gl000244	0	39929	0
chr1_gl000192_random	0	547496	0
chrUn_gl000213	0	164239	0
chr6_apd_hap1	0	4622290	0
chr6_cox_hap2	0	4795371	0
chrUn_gl000232	0	40652	0
chr6_ssto_hap7	0	4928567	0
chr17_gl000203_random	0	37498	0
chr21	0	48129895	0
chr17_gl000204_random	0	81310	0
chr1_gl000191_random	0	106433	0
chrUn_gl000211	0	166566	0
chrUn_gl000237	0	45867	0
chrY	0	59373566	0
chr9_gl000199_random	0	169874	0
chrUn_gl000246	0	38154	0
chr6_mann_hap4	0	4683263	0
chrUn_gl000242	0	43523	0
chrUn_gl000234	0	40531	0
chrUn_gl000226	0	15008	0
chr19_gl000209_random	0	159169	0
chr6	0	171115067	0
chr13	0	115169878	113538
chr17_gl000206_random	0	41001	0
chrUn_gl000249	0	38502	0
chrUn_gl000221	0	155397	0
chr9_gl000198_random	0	90085	0
chrUn_gl000228	0	129120	0
chrUn_gl000243	0	43341	0
chrUn_gl000214	0	137718	0
chr9	0	141213431	0
chr11	0	135006516	84692
chrUn_gl000238	0	39939	0
chrUn_gl000239	0	33824	0
chrUn_gl000212	0	186858	0
chr21_gl000210_random	0	27682	0
chr8	0	146364022	0
chr1	0	249250621	0
chrX	0	155270560	0
chrUn_gl000240	0	41933	0
chrUn_gl000223	0	180455	0
chr17_ctg5_hap1	0	1680828	0
chr19_gl000208_random	0	92689	0
chrUn_gl000216	0	172294	0
chrUn_gl000248	0	39786	0
chr7_gl000195_random	0	182896	0
chr16	0	90354753	0
chr20	0	63025520	0
chr12	0	133851895	0
chr8_gl000196_random	0	38914	0
chr10	0	135534747	0
chr7	0	159138663	0
chr14	0	107349540	0
chrUn_gl000241	0	42152	0
chr18	0	78077248	0
chr17_gl000205_random	0	174588	0
chrUn_gl000222	0	186861	0
chr4	0	191154276	0
chr11_gl000202_random	0	40103	0
chrUn_gl000219	0	179198	0
chrUn_gl000229	0	19913	0
chr4_gl000194_random	0	191469	0
chrUn_gl000225	0	211173	0
chrUn_gl000233	0	45941	0
chrUn_gl000218	0	161147	0
chr6_mcf_hap5	0	4833398	0
chrUn_gl000215	0	172545	0
chrUn_gl000231	0	27386	0
chr18_gl000207_random	0	4262	0
chrUn_gl000230	0	43691	0
chr6_qbl_hap6	0	4611984	0
chr8_gl000197_random	0	37175	0
chr3	0	198022430	0
chr9_gl000201_random	0	36148	0
chr4_ctg9_hap1	0	590426	0
chr22	0	51304566	2080
chr5	0	180915260	0
chrUn_gl000224	0	179693	0
chrM	0	16571	0
chr2	0	243199373	0
chrUn_gl000235	0	34474	0
chr19	0	59128983	0
